432610292342587392
646937666251915264
282859044593598464
716390085896962058
668075833780469772
270904126974590976
664508672713424926
408785106942164992
853629533855809596
429457053791158281
555955826880413696
850691260325953546
571027211407196161
792827809797898240
437808476106784770
172002275412279296
774806286051049504
490707751832649738
814100764787081217
669228505128501258
276060004262477825
493716749342998541
438057969251254293
339926969548275722
510016054391734273
368521195940741122
297153970613387264
812323565012647997
574652751745777665
770100332998295572
547905866255433758
519287796549156864
688202466315206661
689766089567109158
783708073390112830
784851074472345633
720351927581278219
830530156048285716
550613223733329920
673362753489993749
454564411596865537
512079641981353995
707333868713410682
792081366862790687
530082442967646230
518759221098053634
424606447867789312
693167035068317736
866956216420007946
722390040977735712
824029844496056364
617037497574359050
451379187031343104
478202666355523585
239631525350604801
923702931352596570
292953664492929025
874184247731171348
519850436899897346
375838331923202058
